# https://physics.nist.gov/cgi-bin/ASD/lines1.pl?
# spectra=He
# &low_w=200
# &upp_w=1000
# air wavelengths, in nm
Name,Obs_Wave,Obs_Unc,Ritz_Wave,Ritz_Unc,Obs-Ritz,Rel_Intensity,Flag,Calibd_Intensity,Calib_Conf
HeI,257.76,0.03,257.76,0.03,0.00,50,,,
HeI,267.7135,0.0010,267.7128032,0.0000021,0.0007,1,,4.4174e+05,AAA
HeI,267.7135,0.0010,267.7128514,0.0000021,0.0006,1,,4.4174e+05,AAA
HeI,267.7135,0.0010,267.7128553,0.0000021,0.0006,1,,4.4174e+05,AAA
HeI,269.6119,0.0010,269.6117588,0.0000021,0.0001,1,,6.0234e+05,AAA
HeI,269.6119,0.0010,269.6118260,0.0000021,0.0001,1,,6.0234e+05,AAA
HeI,269.6119,0.0010,269.6118315,0.0000021,0.0001,1,,6.0234e+05,AAA
HeI,272.3191,0.0010,272.3191000,0.0000021,0.0000,1,,8.4996e+05,AAA
HeI,272.3191,0.0010,272.3191979,0.0000021,-0.0001,1,,8.4996e+05,AAA
HeI,272.3191,0.0010,272.3192059,0.0000021,-0.0001,1,,8.4996e+05,AAA
HeI,281.82,0.03,281.82,0.04,0.00,10,,,
HeI,294.5106,0.0010,294.5098925,0.0000021,0.0007,10,,3.2006e+06,AAA
HeI,294.5106,0.0010,294.5103735,0.0000021,0.0002,10,,3.2006e+06,AAA
HeI,294.5106,0.0010,294.5104128,0.0000021,0.0002,10,,3.2006e+06,AAA
HeI,301.37,0.03,301.371,0.015,0.00,40,,,
HeI,318.7745,0.0010,318.7744390,0.0000020,0.0001,20,,5.6361e+06,AAA
HeI,318.7745,0.0010,318.7745305,0.0000020,0.0000,20,,5.6361e+06,AAA
HeI,323.1266,0.0010,323.1270384,0.0000020,-0.0004,0,,5.1015e+05,AAA
HeI,325.8275,0.0010,325.8273495,0.0000020,0.0002,1,,6.9627e+05,AAA
HeI,355.4415,0.0010,355.4406135,0.0000021,0.0009,1,,3.6386e+04,AAA
HeI,355.4415,0.0010,355.4406284,0.0000021,0.0009,1,,3.2745e+05,AAA
HeI,355.4415,0.0010,355.4406294,0.0000021,0.0009,1,,1.3099e+05,AAA
HeI,355.4415,0.0010,355.4415793,0.0000021,-0.0001,1,,5.4579e+05,AAA
HeI,355.4415,0.0010,355.4415942,0.0000021,-0.0001,1,,9.8235e+05,AAA
HeI,356.2979,0.0010,356.2969069,0.0000021,0.0010,0,,2.6868e+05,AAA
HeI,356.2979,0.0010,356.2978774,0.0000021,0.0000,0,,1.6121e+05,AAA
HeI,358.7270,0.0010,358.7261792,0.0000021,0.0008,1,,5.0298e+04,AAA
HeI,358.7270,0.0010,358.7262000,0.0000021,0.0008,1,,4.5265e+05,AAA
HeI,358.7270,0.0010,358.7262015,0.0000021,0.0008,1,,1.8107e+06,AAA
HeI,358.7270,0.0010,358.7271630,0.0000021,-0.0002,1,,7.5448e+05,AAA
HeI,358.7270,0.0010,358.7271838,0.0000021,-0.0002,1,,1.3580e+06,AAA
HeI,361.3643,0.0010,361.3642080,0.0000021,0.0001,3,,3.8022e+06,AAA
HeI,365.1990,0.0010,365.1981525,0.0000021,0.0008,1,,5.4136e+05,AAA
HeI,365.1990,0.0010,365.1991721,0.0000021,-0.0002,1,,3.2481e+05,AAA
HeI,370.5005,0.0010,370.4995268,0.0000021,0.0010,3,,1.0980e+05,AAA
HeI,370.5005,0.0010,370.4995740,0.0000021,0.0009,3,,9.8814e+05,AAA
HeI,370.5005,0.0010,370.4995773,0.0000021,0.0009,3,,3.9529e+06,AAA
HeI,370.5005,0.0010,370.5005762,0.0000021,-0.0001,3,,1.6470e+06,AAA
HeI,370.5005,0.0010,370.5006234,0.0000021,-0.0001,3,,2.9644e+06,AAA
HeI,381.96074,0.00008,381.9601969,0.0000021,0.00054,10,,1.7876e+05,AAA
HeI,381.96074,0.00008,381.9602767,0.0000021,0.00046,10,,1.6087e+06,AAA
HeI,381.96074,0.00008,381.9602822,0.0000021,0.00046,10,,6.4353e+06,AAA
HeI,381.96074,0.00008,381.9613123,0.0000021,-0.00057,10,,2.6814e+06,AAA
HeI,381.96074,0.00008,381.9613920,0.0000021,-0.00065,10,,4.8261e+06,AAA
HeI,383.3554,0.0010,383.3548698,0.0000021,0.0005,0,,9.6470e+05,AAA
HeI,387.1791,0.0010,387.1786391,0.0000021,0.0005,1,,1.3386e+06,AAA
HeI,388.8648,0.0010,388.8645585,0.0000021,0.0002,500,,9.4746e+06,AAA
HeI,388.8648,0.0010,388.8648909,0.0000021,-0.0001,500,,9.4746e+06,AAA
HeI,393.5912,0.0010,393.5945208,0.0000022,-0.0033,0,,7.4475e+05,AAA
HeI,396.47291,0.00010,396.4728814,0.0000022,0.00003,20,,6.9507e+06,AAA
HeI,402.3973,0.0010,402.3979778,0.0000020,-0.0007,1,,1.1281e+06,AAA
HeI,402.61914,0.00010,402.6184361,0.0000020,0.00070,50,,3.2224e+05,AAA
HeI,402.61914,0.00010,402.6185894,0.0000020,0.00055,50,,2.8999e+06,AAA
HeI,402.61914,0.00010,402.6185998,0.0000020,0.00054,50,,1.1601e+07,AAA
HeI,402.61914,0.00010,402.6196753,0.0000020,-0.00054,50,,4.8336e+06,AAA
HeI,402.61914,0.00010,402.6198287,0.0000020,-0.00069,50,,8.6997e+06,AAA
HeI,412.08154,0.00012,412.0810757,0.0000021,0.00046,12,,2.4738e+06,AAA
HeI,412.08154,0.00012,412.0823739,0.0000021,-0.00083,12,,1.4843e+06,AAA
HeI,414.3761,0.0010,414.3759042,0.0000021,0.0002,3,,4.8812e+06,AAA
HeI,416.8967,0.0010,416.8971495,0.0000021,-0.0004,1,,1.8298e+06,AAA
HeI,438.79296,0.00006,438.7929124,0.0000022,0.00005,10,,8.9889e+06,AAA
HeI,443.7551,0.0010,443.7553408,0.0000022,-0.0002,3,,3.2689e+06,AAA
HeI,447.14802,0.00015,447.1470365,0.0000022,0.00098,200,,6.8275e+05,AAA
HeI,447.14802,0.00015,447.1474069,0.0000022,0.00061,200,,6.1440e+06,AAA
HeI,447.14802,0.00015,447.1474310,0.0000022,0.00059,200,,2.4579e+07,AAA
HeI,447.14802,0.00015,447.1485650,0.0000022,-0.00055,200,,1.0241e+07,AAA
HeI,447.14802,0.00015,447.1489354,0.0000022,-0.00092,200,,1.8432e+07,AAA
HeI,471.31457,0.00006,471.3139163,0.0000024,0.00065,30,,5.2894e+06,AAA
HeI,471.31457,0.00006,471.3156145,0.0000024,-0.00104,30,,3.1736e+06,AAA
HeI,492.19313,0.00005,492.1931013,0.0000025,0.00003,20,,1.9863e+07,AAA
HeI,501.56783,0.00003,501.567798,0.000003,0.00003,100,,1.3372e+07,AAA
HeI,504.7738,0.0010,504.773854,0.000003,-0.0001,10,,6.7712e+06,AAA
HeI,587.5621,0.0010,587.561396,0.000003,0.0007,500,,1.7673e+07,AAA
HeI,587.5621,0.0010,587.561483,0.000003,0.0006,500,,7.0708e+07,AAA
HeI,587.5621,0.0010,587.562509,0.000003,-0.0004,500,,2.9462e+07,AAA
HeI,587.5621,0.0010,587.564035,0.000003,-0.0019,500,,5.3019e+07,AAA
HeI,667.8151,0.0010,667.815170,0.000003,-0.0001,100,,6.3705e+07,AAA
HeI,706.5190,0.0010,706.517714,0.000005,0.0013,200,,1.5474e+07,AAA
HeI,706.5190,0.0010,706.521530,0.000005,-0.0025,200,,9.2844e+06,AAA
HeI,706.571,0.010,706.570861,0.000005,0.000,30,,3.0948e+06,AAA
HeI,728.1349,0.0010,728.135074,0.000004,-0.0002,50,,1.8299e+07,AAA
HeI,921.0337,0.0010,921.032617,0.000005,0.0011,2,,2.2685e+03,AAA
HeI,921.0337,0.0010,921.032681,0.000005,0.0010,2,,5.1041e+05,AAA
HeI,921.0337,0.0010,921.032716,0.000005,0.0010,2,,4.3822e+04,AAA
HeI,921.0337,0.0010,921.032830,0.000005,0.0009,2,,7.9378e+04,AAA
HeI,921.0337,0.0010,921.032929,0.000005,0.0008,2,,3.5681e+05,AAA
HeI,921.0337,0.0010,921.036581,0.000005,-0.0029,2,,4.2875e+05,AAA
HeI,952.617,0.010,952.615656,0.000005,0.001,3,,3.3834e+03,AAA
HeI,952.617,0.010,952.615754,0.000005,0.001,3,,7.6127e+05,AAA
HeI,952.617,0.010,952.615809,0.000005,0.001,3,,6.4641e+04,AAA
HeI,952.617,0.010,952.615884,0.000005,0.001,3,,1.1839e+05,AAA
HeI,952.617,0.010,952.616037,0.000005,0.001,3,,5.2655e+05,AAA
HeI,952.617,0.010,952.619897,0.000005,-0.003,3,,6.3946e+05,AAA
HeI,952.927,0.010,952.926097,0.000005,0.001,1,,5.8976e+05,AAA