# https://physics.nist.gov/cgi-bin/ASD/lines1.pl?
# spectra=Hg
# &low_w=200
# &upp_w=1000
# air wavelengths, in nm
Name,Obs_Wave,Obs_Unc,Ritz_Wave,Ritz_Unc,Obs-Ritz,Rel_Intensity,Flag,Calibd_Intensity,Calib_Conf
HgI,200.191,0.002,200.1871,0.0008,0.0039,2,d,,
HgII,200.4667,0.0003,200.46684,0.00010,-0.0001,45,,5.2e+07,
HgII,201.0342,0.0003,201.03418,0.00010,0.0000,3.5,,1.1e+06,
HgII,201.5171,0.0003,201.51697,0.00010,0.0001,4,,8.5e+06,
HgII,201.7249,0.0003,201.72481,0.00010,0.0001,7,,1.0e+07,
HgII,202.2298,0.0003,202.22916,0.00010,0.0006,50,u,1.4e+08,
HgII,202.2326,0.0003,202.23291,0.00010,-0.0003,600,p,7.7e+07,
HgII,202.6860,0.0002,202.68598,0.00010,0.00002,175000,,1.6e+07,
HgII,202.9574,0.0003,202.95695,0.00010,0.0004,20,,1.8e+07,
HgII,203.1753,0.0003,203.17474,0.00010,0.0006,3.5,,9.0e+06,
HgII,203.7730,0.0003,203.77279,0.00010,0.0002,3.5,,1.9e+07,
HgII,204.2272,0.0003,204.22672,0.00010,0.0005,3,,1.8e+08,
HgII,205.0051,0.0003,205.00563,0.00010,-0.0005,10,,1.7e+01,
HgII,205.1731,0.0003,205.17278,0.00010,0.0003,3.5,,3.0e+06,
HgII,205.2828,0.0002,205.28241,0.00010,0.00039,750000,,5.9e+07,
HgII,205.4764,0.0003,,,,20,,,
HgII,206.0306,0.0003,206.03048,0.00010,0.0001,2,,7.3e+05,
HgII,206.6657,0.0003,206.66565,0.00010,0.0001,3,,3.0e+06,
HgII,211.6423,0.0002,211.64243,0.00010,-0.00013,45,,4.8e+07,
HgII,214.8006,0.0002,214.80036,0.00010,0.00024,90000,,1.1e+07,
HgII,215.8535,0.0003,215.85348,0.00010,0.0000,1,,1.2e+06,
HgI,216.580,0.003,216.580,0.003,0.000,,,,
HgI,216.812,0.003,216.813,0.003,-0.001,,,,
HgI,217.098,0.002,217.0984,0.0019,0.000,0,hw,,
HgII,217.1141,0.0002,217.11406,0.00010,0.00004,40,,1.0e+06,
HgI,217.305,0.003,217.3099,0.0014,-0.005,,,,
HgI,217.445,0.002,217.4446,0.0019,0.000,0,hw,,
HgI,217.708,0.003,217.7070,0.0014,0.001,,,,
HgI,217.876,0.002,217.8754,0.0014,0.0006,1,hw,,
HgII,218.0887,0.0003,218.08873,0.00010,0.0000,1,,2.4e+07,
HgI,218.206,0.003,218.2069,0.0014,-0.001,,,,
HgII,218.3157,0.0002,218.31570,0.00010,0.00000,40,,1.0e+07,
HgI,218.421,0.002,218.4196,0.0014,0.0014,1,hw,,
HgII,218.6860,0.0003,218.68591,0.00010,0.0001,1,,,
HgI,218.846,0.003,218.8471,0.0010,-0.001,,,,
HgII,219.0167,0.0003,219.01688,0.00010,-0.0002,18,,2.6e+06,
HgII,219.0744,0.0002,219.07421,0.00010,0.00019,15000,,1.0e+07,
HgI,219.125,0.003,219.1258,0.0019,-0.001,,,,
HgI,219.686,0.003,219.6888,0.0010,-0.003,,,,
HgI,220.058,0.002,220.0578,0.0015,0.0002,2,,,
HgII,220.6907,0.0003,,,,18,,,
HgI,220.826,0.002,220.8259,0.0010,0.0001,0,,,
HgI,221.338,0.002,221.3364,0.0015,0.0016,3,,,
HgII,221.6264,0.0003,221.62642,0.00010,0.0000,125,,9.5e+06,
HgII,222.4013,0.0003,222.40134,0.00010,0.0000,4500,,2.7e+07,
HgI,222.419,0.003,222.4206,0.0009,-0.002,,,,
HgII,222.4711,0.0002,222.47110,0.00010,0.00000,200000,,7.5e+08,
HgII,222.9807,0.0003,222.98069,0.00010,0.0000,400,,1.0e+07,
HgII,223.0032,0.0002,223.00285,0.00010,0.00035,7500,,1.5e+08,
HgI,223.094,0.003,223.0940,0.0015,0.000,0,,,E2
HgI,223.157,0.002,223.1543,0.0003,0.0027,6,,,
HgI,224.757,0.002,224.7555,0.0004,0.0015,6,,,
HgI,225.205,0.003,225.205,0.003,0.000,,,,
HgII,225.2786,0.0002,225.27837,0.00010,0.00023,100000,,1.2e+08,
HgI,225.459,0.003,225.455,0.003,0.004,,,,
HgI,225.459,0.003,225.459,0.003,0.000,,,,
HgII,225.5468,0.0003,225.54712,0.00010,-0.0003,4,,1.3e+06,
HgII,225.6120,0.0003,225.61184,0.00010,0.0002,2.5,,3.5e+06,
HgI,225.646,0.003,225.6466,0.0015,-0.001,,,,
HgI,225.763,0.003,225.765,0.003,-0.002,,,,
HgI,225.780,0.013,225.7753,0.0015,0.005,0,,,E2
HgII,225.8678,0.0003,225.86752,0.00010,0.0003,10,,9.5e+06,
HgI,225.871,0.003,225.8727,0.0010,-0.002,,,,
HgI,225.993,0.003,225.9925,0.0015,0.001,,,,
HgII,226.02942,0.00005,226.02943,0.00010,-0.00001,600000,,3.0e+08,
HgI,226.136,0.003,226.1346,0.0020,0.001,,,,
HgI,226.136,0.003,226.1382,0.0020,-0.002,,,,
HgI,226.136,0.003,226.1489,0.0010,-0.013,,,,
HgII,226.22226,0.00006,226.22227,0.00010,-0.00001,750000,,8.0e+06,
HgII,226.3634,0.0002,226.36338,0.00010,0.00002,100000,,2.8e+08,
HgI,226.421,0.003,226.4220,0.0015,-0.001,,,,
HgI,226.602,0.003,226.601,0.003,0.001,,,,
HgI,226.602,0.003,226.6042,0.0015,-0.002,,,,
HgI,226.602,0.003,226.6129,0.0010,-0.011,,,,
HgI,226.961,0.003,226.9628,0.0015,-0.002,,,,
HgI,226.980,0.005,226.98113,0.00004,-0.001,,,HF
HgI,227.190,0.003,227.189,0.003,0.001,,,,
HgI,227.190,0.003,227.1929,0.0015,-0.003,,,,
HgI,227.190,0.003,227.2053,0.0010,-0.015,,,,
HgI,227.654,0.003,227.6555,0.0010,-0.001,,,,
HgI,227.951,0.003,227.9529,0.0021,-0.002,,,,
HgI,227.951,0.003,227.9571,0.0021,-0.006,,,,
HgI,227.951,0.003,227.9743,0.0010,-0.023,,,,
HgI,228.391,0.003,228.3903,0.0004,0.001,,,,
HgI,228.566,0.003,228.5664,0.0010,0.000,,,,
HgII,228.7705,0.0003,228.77052,0.00010,0.0000,5,,2.5e+06,
HgII,228.9094,0.0003,,,,15,,,
HgI,228.962,0.003,228.9627,0.0010,-0.001,,,,
HgI,228.962,0.003,228.9659,0.0016,-0.004,,,,
HgI,228.988,0.003,228.9895,0.0009,-0.001,,,,
HgII,229.1963,0.0002,229.19650,0.00010,-0.00020,7000,h,1.2e+08,
HgII,229.6178,0.0002,229.61753,0.00010,0.00027,12000,,1.7e+06,
HgI,229.703,0.003,229.7051,0.0011,-0.002,,,,
HgI,229.797,0.003,229.7976,0.0011,-0.001,,,,
HgII,229.9813,0.0002,229.98141,0.00010,-0.00011,4,,5.3e+06,
HgI,230.047,0.013,230.0331,0.0016,0.014,0,,,E2
HgII,230.1363,0.0003,230.13643,0.00010,-0.0001,6,,1.6e+06,
HgI,230.2059,0.0004,230.2060,0.0003,-0.0001,30,,,
HgI,230.343,0.003,230.3434,0.0010,0.000,,,,
HgI,230.343,0.003,230.3504,0.0016,-0.007,,,,
HgI,230.378,0.003,230.3813,0.0010,-0.003,,,,
HgI,231.388,0.003,231.3918,0.0011,-0.004,,,,
HgIII,231.415,0.010,,,,7,,,
HgI,231.521,0.003,231.5249,0.0010,-0.004,,,,
HgI,232.303,0.003,232.3076,0.0009,-0.005,,,,
HgI,232.3197,0.0004,232.3200,0.0004,-0.0003,20,,,
HgI,232.356,0.003,232.3600,0.0009,-0.004,,,,
HgII,232.7233,0.0003,232.72320,0.00010,0.0001,20,,3.0e+07,
HgI,233.855,0.003,233.8556,0.0010,-0.001,,,,
HgII,233.9369,0.0003,233.93706,0.00010,-0.0002,12000,,7.8e+07,
HgI,234.055,0.002,234.0559,0.0004,-0.0009,6,,,
HgI,234.543,0.003,234.54334,0.00011,0.000,200,,,
HgII,234.5524,0.0003,234.55272,0.00010,-0.0003,8000,,8.5e+06,
HgI,235.241,0.003,235.2445,0.0008,-0.003,30,,,
HgI,235.265,0.003,235.2677,0.0011,-0.003,,,,
HgI,235.318,0.003,235.3198,0.0008,-0.002,,,,
HgI,237.483,0.013,237.4644,0.0011,0.019,1,,,E2
HgII,237.6685,0.0003,237.66859,0.00010,-0.0001,120,,4.4e+07,
HgI,237.677,0.003,237.6765,0.0017,0.001,,,,
HgII,237.7548,0.0003,237.75470,0.00010,0.0001,200,,6.0e+06,
HgI,237.8324,0.0002,237.83241,0.00011,-0.00001,4000,,3.6e+06,D
HgI,237.946,0.010,237.93436,0.00011,0.012,,,HF
HgI,238.008,0.003,238.0003,0.0005,0.008,30,,,
HgIII,238.055,0.010,,,,4,,,
HgII,238.0918,0.0003,238.09243,0.00010,-0.0006,40,,1.0e+05,
HgII,239.0152,0.0002,239.01518,0.00010,0.00002,3500,,3.0e+07,
HgI,239.776,0.013,239.7745,0.0012,0.002,1,,,E2
HgI,239.776,0.013,239.7848,0.0017,-0.009,1,,,E2
HgI,239.935,0.003,239.9353,0.0007,0.000,70,,,
HgI,239.9727,0.0004,239.9727,0.0003,0.0000,30,,,
HgI,240.0493,0.0004,240.04948,0.00005,-0.0002,14,,,
HgII,240.7352,0.0003,240.73536,0.00010,-0.0002,45000,,1.1e+08,
HgII,241.4142,0.0003,241.41430,0.00010,-0.0001,45000,,1.0e+08,
HgII,241.6292,0.0003,241.62933,0.00010,-0.0001,60,,1.0e+07,
HgII,241.6638,0.0003,241.66379,0.00010,0.0000,10,,2.0e+04,
HgII,242.2362,0.0003,,,,20,h,,
HgII,242.6920,0.0003,,,,20,,,
HgII,242.7142,0.0003,,,,40,,,
HgIII,243.165,0.010,,,,8,,,
HgII,243.6004,0.0003,243.60016,0.00010,0.0002,50,,6.8e+05,
HgI,244.103,0.002,244.10662,0.00005,-0.0036,6,,,
HgI,244.6895,0.0004,244.68956,0.00012,-0.0001,30,,,
HgII,245.8807,0.0003,245.88059,0.00010,0.0001,20,h,3.6e+07,
HgI,246.4057,0.0004,246.40611,0.00012,-0.0004,20,,,
HgII,246.4357,0.0003,246.43580,0.00010,-0.0001,3500,,2.8e+07,
HgII,246.7603,0.0002,246.76029,0.00010,0.00001,4000,,3.8e+07,
HgII,246.9035,0.0002,246.90365,0.00010,-0.00015,800,,1.8e+02,
HgII,247.2223,0.0003,247.22230,0.00010,0.0000,500,,1.8e+07,
HgI,247.865,0.013,247.8705,0.0012,-0.006,1.5,,,E2
HgI,247.865,0.013,247.8711,0.0018,-0.006,1.5,,,E2
HgIII,248.056,0.010,,,,5,,,
HgII,248.1218,0.0002,248.12180,0.00010,0.00000,4000,,1.5e+07,
HgI,248.2001,0.0002,248.20002,0.00018,0.0001,300,,,
HgI,248.2716,0.0002,248.27147,0.00012,0.00013,90,,,
HgI,248.3815,0.0004,248.38257,0.00012,-0.0011,170,,,
HgIII,248.450,0.010,,,,7,,,
HgII,249.2064,0.0003,249.20665,0.00010,-0.0002,50000,,7.8e+07,
HgII,249.3252,0.0003,249.32551,0.00010,-0.0003,200,,2.4e+06,
HgII,249.8459,0.0003,,,,20,,,
HgII,249.9338,0.0003,249.93427,0.00010,-0.0005,2000,,1.2e+05,
HgII,251.3493,0.0003,251.34940,0.00010,-0.0001,12,,2.7e+05,
HgI,251.437,0.003,251.4328,0.0019,0.004,,,,
HgII,251.4762,0.0002,251.47614,0.00010,0.00006,5000,,3.6e+07,
HgI,251.749,0.003,251.7513,0.0019,-0.002,,,,
HgI,251.991,0.003,251.9867,0.0019,0.004,,,,
HgI,252.127,0.003,252.123,0.003,0.004,,,,
HgII,252.1678,0.0002,252.16762,0.00010,0.00018,300,,1.6e+06,
HgII,252.3324,0.0002,252.33242,0.00010,-0.00002,1600,p,1.2e+06,
HgII,252.3360,0.0003,,,30,u,,
HgI,252.420,0.003,252.4181,0.0019,0.002,,,,
HgI,252.478,0.013,252.5011,0.0003,-0.023,1,,,E2
HgI,252.594,0.003,252.5929,0.0019,0.001,,,,
HgI,252.953,0.003,252.9540,0.0019,-0.001,,,,
HgII,253.0113,0.0003,253.01093,0.00010,0.0004,30,,3.3e+05,
HgI,253.172,0.003,253.1725,0.0019,-0.001,,,,
HgI,253.4772,0.0002,253.47714,0.00012,0.00006,2000,,,
HgI,253.65210,0.00010,253.65209,0.00005,0.00001,900000,,8.40e+06,A+
HgI,253.907,0.003,253.9069,0.0019,0.000,,,,
HgI,254.494,0.003,254.4945,0.0013,0.000,,,,
HgII,254.5334,0.0003,254.53352,0.00010,-0.0001,1500,c,1.8e+06,
HgII,254.6445,0.0003,254.64406,0.00010,0.0004,70,s,1.8e+05,
HgII,254.7217,0.0003,254.72176,0.00010,-0.0001,120,,1.2e+07,
HgI,254.853,0.003,254.8546,0.0019,-0.002,,,,
HgI,254.924,0.010,254.9182,0.0003,0.006,0,,,E2
HgII,255.2835,0.0003,255.28328,0.00010,0.0002,1500,,1.2e+08,
HgI,255.635,0.003,255.6334,0.0013,0.002,,,,
HgII,255.7724,0.0002,255.77234,0.00010,0.00006,1500,,1.8e+07,
HgI,256.115,0.003,256.1167,0.0020,-0.002,,,,
HgI,256.133,0.003,256.1292,0.0013,0.004,,,,
HgI,256.161,0.003,256.1627,0.0011,-0.002,,,,
HgI,256.202,0.010,256.2009,0.0003,0.001,0,,,E2
HgI,256.3855,0.0006,256.3860,0.0003,-0.0005,40,,,
HgII,256.4385,0.0002,,,,150,,,
HgI,257.176,0.003,257.1743,0.0013,0.002,,,,
HgII,257.4841,0.0002,257.48412,0.00010,-0.00002,7000,,9.0e+07,
HgI,257.6285,0.0006,257.62902,0.00013,-0.0005,100,,,
HgII,257.7408,0.0003,257.74133,0.00010,-0.0005,12,,3.5e+06,
HgI,257.839,0.003,257.8436,0.0020,-0.005,,,,
HgI,257.859,0.003,257.8581,0.0013,0.001,,,,
HgI,257.8912,0.0160,257.9056,0.0013,-0.0144,6,,,
HgI,257.958,0.010,257.9624,0.0003,-0.004,0,,,E2
HgII,258.9071,0.0003,258.90718,0.00010,-0.0001,15,,3.2e+05,
HgII,258.9833,0.0002,258.98337,0.00010,-0.00007,15,,4.5e+06,
HgI,259.341,0.002,259.3396,0.0013,0.0014,1,,,
HgII,259.8395,0.0002,259.83945,0.00010,0.00005,1500,,1.6e+07,
HgII,259.8806,0.0003,259.88057,0.00010,0.0000,12,,2.4e+05,
HgI,260.243,0.013,260.245,0.003,-0.002,0,,,E2
HgI,260.243,0.013,260.250,0.003,-0.007,0,,,E2
HgI,260.243,0.013,260.2556,0.0020,-0.013,0,,,E2
HgI,260.297,0.003,260.2996,0.0020,-0.003,,,,
HgII,260.3096,0.0002,260.30972,0.00010,-0.00012,8000,,1.0e+08,
HgI,260.320,0.003,260.3220,0.0012,-0.002,,,,
HgI,260.342,0.003,260.3376,0.0005,0.004,,,,
HgI,260.382,0.003,260.3878,0.0012,-0.006,,,,
HgI,260.473,0.010,260.47753,0.00014,-0.005,0,,,E2
HgIII,261.292,0.010,,,,2,,,
HgIII,261.797,0.010,,,,4,,,
HgI,262.5192,0.0006,262.5193,0.0006,-0.0001,20,,,
HgII,262.6646,0.0003,262.66465,0.00010,-0.0001,8,,1.3e+05,
HgII,262.7851,0.0002,,,,15,,,
HgI,263.895,0.013,263.8935,0.0021,0.002,0,,,E2
HgI,263.895,0.013,263.9060,0.0021,-0.011,0,,,E2
HgI,263.895,0.013,263.9116,0.0021,-0.017,0,,,E2
HgI,263.9780,0.0006,263.9781,0.0006,-0.0001,6,,,
HgI,264.015,0.003,264.0154,0.0010,0.000,,,,
HgI,264.065,0.003,264.0447,0.0014,0.020,,,,
HgI,264.108,0.003,264.1104,0.0010,-0.002,,,,
HgI,264.248,0.010,264.25619,0.00013,-0.008,0,,,E2
HgI,264.275,0.013,264.2839,0.0003,-0.009,1,,,E2
HgI,264.275,0.013,264.2993,0.0003,-0.024,1,,,E2
HgI,265.2039,0.0006,265.20421,0.00005,-0.0003,1600,,3.9e+07,B+
HgII,265.3381,0.0002,265.33824,0.00010,-0.00014,3000,,7.7e+06,
HgI,265.3690,0.0002,265.36886,0.00013,0.00014,6000,,,
HgI,265.5134,0.0002,265.51300,0.00005,0.00040,400,,1.10e+07,B
HgI,265.58,0.02,265.56062,0.00006,0.019,,,HF
HgII,266.3748,0.0002,266.37465,0.00010,0.00015,3000,,1.1e+07,
HgII,266.8682,0.0003,266.86768,0.00010,0.0005,15,,8.3e+05,
HgIII,267.049,0.010,,,,3,,,
HgII,267.0967,0.0002,267.09664,0.00010,0.00006,30,c,6.2e+07,
HgI,267.4908,0.0006,267.4915,0.0006,-0.0007,6,,,
HgII,269.1001,0.0003,269.09905,0.00010,0.0011,100,,3.8e+06,
HgII,269.2649,0.0003,,,,10,,,
HgI,269.730,0.013,269.7251,0.0022,0.005,1,,,E2
HgI,269.730,0.013,269.7345,0.0015,-0.005,1,,,E2
HgI,269.730,0.013,269.7476,0.0022,-0.018,1,,,E2
HgII,269.8374,0.0003,269.83727,0.00010,0.0001,30,,4.0e+06,
HgI,269.8828,0.0006,269.8834,0.0005,-0.0006,200,,,
HgI,269.9376,0.0006,269.9381,0.0009,-0.0005,100,,,
HgI,269.981,0.003,269.9854,0.0004,-0.004,,,,
HgI,270.080,0.003,270.08261,0.00007,-0.003,,,,
HgII,270.2445,0.0003,270.24445,0.00010,0.0001,1500,,7.4e+07,
HgI,270.350,0.010,270.3383,0.0004,0.012,0,,,E2
HgII,270.5319,0.0002,270.53189,0.00010,0.00001,1000,,1.2e+07,
HgII,271.0431,0.0002,271.04314,0.00010,-0.00004,150,,9.7e+06,
HgIII,272.443,0.010,,,,70,,,
HgII,272.5310,0.0002,,,,15,,,
HgII,272.9481,0.0002,272.94780,0.00010,0.00030,120,,8.5e+06,
HgII,273.0417,0.0003,273.04211,0.00010,-0.0004,8,,1.1e+05,
HgII,273.2602,0.0003,273.25941,0.00010,0.0008,100,,3.8e+06,
HgII,274.2801,0.0005,274.2805,0.0010,-0.0004,3,,2.8e+05,
HgII,274.3193,0.0003,274.31870,0.00010,0.0006,5,c,1.5e+05,
HgII,274.9803,0.0002,274.98029,0.00010,0.00001,80,,5.5e+06,
HgI,275.2777,0.0002,275.27818,0.00006,-0.00048,400,,6.1e+06,B
HgI,275.9705,0.0002,275.97044,0.00015,0.0001,10,,,
HgII,276.1932,0.0002,276.19333,0.00010,-0.00013,7000,,8.3e+07,
HgII,276.4527,0.0003,276.45267,0.00010,0.0000,25,w,4.2e+06,
HgII,276.7460,0.0002,276.74621,0.00010,-0.00021,500,,3.9e+06,
HgII,276.8897,0.0002,,,,25,,,
HgIII,276.922,0.010,,,,6,,,
HgII,277.1266,0.0002,,,40,s,,
HgII,277.3274,0.0002,277.32744,0.00010,-0.00004,25,,1.8e+06,
HgI,277.458,0.002,277.4575,0.0015,0.000,,,,
HgII,277.8511,0.0002,277.85086,0.00010,0.00024,150,,2.8e+06,
HgII,278.1902,0.0002,278.19041,0.00010,-0.00021,2500,,2.0e+07,
HgII,278.4597,0.0002,278.45982,0.00010,-0.00012,700,,2.9e+06,
HgII,278.8361,0.0002,278.83640,0.00010,-0.00030,3500,,4.3e+06,
HgII,279.0428,0.0002,279.04263,0.00010,0.00017,80,,4.0e+07,
HgII,279.6085,0.0002,279.60858,0.00010,-0.00008,300,,5.5e+06,
HgII,279.7356,0.0002,279.73565,0.00010,-0.00005,3000,c,1.3e+07,
HgII,279.8724,0.0002,279.87206,0.00010,0.00034,500,,6.0e+06,
HgI,279.995,0.013,279.9849,0.0024,0.010,1,,,E2
HgI,279.995,0.013,280.0233,0.0016,-0.028,1,,,E2
HgI,279.995,0.013,280.0241,0.0024,-0.029,1,,,E2
HgI,280.3466,0.0002,280.34662,0.00024,0.0000,180,,,
HgI,280.4434,0.0006,280.44390,0.00024,-0.0005,40,,,
HgI,280.5344,0.0006,280.53512,0.00016,-0.0007,3,,,
HgII,280.63554,0.00007,280.63553,0.00010,0.00001,75000,,8.0e+05,
HgI,280.6773,0.0002,280.67698,0.00016,0.0003,3,,,
HgII,280.9417,0.0002,280.94176,0.00010,-0.00006,1500,,1.6e+07,
HgI,281.072,0.006,281.063,0.005,0.009,d,,E2
HgII,281.49126,0.00005,281.49126,0.00010,0.00000,400,c,,UT
HgII,281.7803,0.0002,281.78050,0.00010,-0.00020,700,,2.2e+06,
HgII,282.6572,0.0003,282.65694,0.00010,0.0003,30,,1.6e+06,
HgII,282.6911,0.0002,282.69147,0.00010,-0.00037,120,,2.2e+06,
HgII,282.8841,0.0003,,,,40,,,
HgII,282.9495,0.0002,282.94961,0.00010,-0.00011,200,,1.0e+06,
HgII,283.5654,0.0002,283.56554,0.00010,-0.00014,35,,3.5e+05,
HgII,283.9005,0.0007,,,,10,,,
HgIII,284.476,0.010,,,,3,,,
HgII,284.76750,0.00010,284.76754,0.00010,-0.00004,3500000,,3.0e+08,
HgII,285.2387,0.0002,285.23858,0.00010,0.00012,2500,,1.1e+07,
HgI,285.6935,0.0002,285.69305,0.00016,0.0005,20,,1.1e+06,D+
HgII,287.3200,0.0002,287.31988,0.00010,0.00012,5000,,1.8e+07,
HgII,288.2228,0.0002,288.22284,0.00010,-0.00004,100,,2.2e+05,
HgII,288.2594,0.0002,288.25944,0.00010,-0.00004,700,,1.3e+07,
HgII,289.2559,0.0003,289.25550,0.00010,0.0004,15,h,1.4e+06,
HgI,289.36010,0.00010,289.36001,0.00006,0.00009,800,,1.57e+07,B+
HgII,290.2646,0.0002,290.26462,0.00010,-0.00002,700,,1.6e+05,
HgII,290.4044,0.0002,,,,200,,,
HgII,290.9334,0.0004,290.93314,0.00010,0.0003,500,,9.0e+06,
HgII,291.62498,0.00003,291.62500,0.00010,-0.00002,300000,E,7.8e+05,
HgI,292.5414,0.0002,292.54127,0.00017,0.0001,70,,8.e+06,D
HgII,293.5903,0.0004,293.59022,0.00010,0.0001,30000,,3.8e+07,
HgII,293.9026,0.0004,293.90275,0.00010,-0.0002,2500,,7.0e+06,
HgII,294.0537,0.0004,294.05357,0.00010,0.0001,2000,,2.2e+07,
HgII,294.7074,0.0004,294.70714,0.00010,0.0003,250000,,1.7e+08,
HgII,295.5125,0.0004,295.51292,0.00010,-0.0004,1500,,9.5e+06,
HgII,296.3183,0.0004,296.31831,0.00010,0.0000,700,,8.8e+06,
HgII,296.5100,0.0004,,,10,c,,
HgII,296.6360,0.0004,296.63620,0.00010,-0.0002,15,,7.2e+04,
HgI,296.72830,0.00010,296.72832,0.00006,-0.00002,3000,,4.6e+07,D
HgI,296.752,0.010,296.75432,0.00006,-0.002,1,,,HF
HgII,297.4073,0.0004,297.40755,0.00010,-0.0002,120,,8.0e+06,
HgII,297.5118,0.0004,297.51188,0.00010,-0.0001,1200,h,1.1e+07,
HgII,298.0554,0.0004,298.05533,0.00010,0.0001,100,h,1.6e+06,
HgII,298.1513,0.0004,298.15121,0.00010,0.0001,250,,1.1e+06,
HgII,298.6592,0.0004,298.65889,0.00010,0.0003,80,h,1.1e+05,
HgII,299.4420,0.0004,299.44190,0.00010,0.0001,140,,8.0e+05,
HgII,299.9553,0.0004,299.9560,0.0010,-0.0007,10,,2.8e+04,
HgII,300.4385,0.0004,300.43863,0.00010,-0.0001,300,h,6.0e+07,
HgII,300.4863,0.0004,300.48640,0.00010,-0.0001,100,,6.3e+05,
HgII,300.6507,0.0004,300.65033,0.00010,0.0004,2000,,9.5e+06,
HgI,300.714,0.006,300.7190,0.0006,-0.005,3,,,E2
HgII,301.1162,0.0004,301.11621,0.00010,0.0000,300,,1.0e+07,
HgI,301.148,0.006,301.1520,0.0005,-0.004,3,,,E2
HgI,301.148,0.006,301.1720,0.0004,-0.024,3,,,E2
HgI,302.15040,0.00010,302.15041,0.00010,-0.00001,1200,,5.1e+07,B+
HgI,302.3471,0.0002,302.34748,0.00006,-0.00038,300,,9.4e+06,B
HgI,302.5606,0.0006,302.56150,0.00017,-0.0009,30,,,
HgI,302.7490,0.0002,302.74888,0.00006,0.00012,60,,1.98e+06,C+
HgII,303.4916,0.0004,303.49148,0.00010,0.0001,2000,,4.2e+07,
HgI,303.845,0.006,303.8411,0.0006,0.004,,,E2
HgII,304.4610,0.0004,304.46113,0.00010,-0.0001,25,p,9.2e+03,
HgII,304.5161,0.0004,304.51583,0.00010,0.0003,30,w,1.9e+05,
HgII,304.5161,0.0004,304.51585,0.00010,0.0002,30,w,6.9e+03,
HgII,304.8503,0.0004,304.84940,0.00010,0.0009,25,,2.4e+05,
HgI,304.9705,0.0009,304.9705,0.0008,0.0000,,,E2
HgII,305.5765,0.0004,305.57647,0.00010,0.0000,60,,1.8e+06,
HgII,306.4529,0.0004,306.45277,0.00010,0.0001,800,,6.0e+06,
HgII,306.7684,0.0004,306.76895,0.00010,-0.0006,480,,8.0e+06,
HgII,306.9177,0.0004,,,,40,,,
HgII,307.0478,0.0004,,,,35,,,
HgII,308.7549,0.0004,,,,1100,c,,
HgIII,309.005,0.010,,,,15,,,
HgII,310.2668,0.0004,,,,150,,,
HgII,311.6195,0.0004,311.61988,0.00010,-0.0004,15000,,8.8e+06,
HgI,312.56740,0.00010,312.56732,0.00005,0.00008,4000,,6.6e+07,B+
HgI,313.15550,0.00010,313.15547,0.00006,0.00003,3000,,,
HgI,313.18440,0.00010,313.18443,0.00005,-0.00003,4000,,,
HgI,313.6679,0.0010,313.66813,0.00013,-0.0002,,,2P
HgII,313.9679,0.0004,,,,30,,,
HgI,314.428,0.006,314.42320,0.00009,0.005,,,E2
HgII,317.2116,0.0003,317.21148,0.00010,0.0001,40,h,1.2e+05,
HgII,318.7744,0.0004,,,70,h,,
HgII,319.1019,0.0003,319.10225,0.00010,-0.0003,7500,,1.5e+07,
HgII,319.1591,0.0003,,,,35,,,
HgII,320.1385,0.0003,320.13868,0.00010,-0.0002,2500,,1.0e+07,
HgII,320.7709,0.0003,,,,500,,,
HgII,320.8169,0.0003,320.81713,0.00010,-0.0002,120000,,8.2e+07,
HgII,322.7813,0.0003,,,150,h,,
HgII,325.2076,0.0003,325.20733,0.00010,0.0003,450,,2.5e+06,
HgII,325.2916,0.0003,,,,100,,,
HgII,325.6018,0.0003,,,,80,h,,
HgII,325.7501,0.0004,325.74985,0.00010,0.0002,900,h,1.0e+07,
HgII,326.1552,0.0011,326.15627,0.00010,-0.0011,3,G,6.5e+04,
HgII,326.4039,0.0004,326.40340,0.00010,0.0005,60000,,2.3e+07,
HgII,326.4552,0.0004,326.45577,0.00010,-0.0006,100,l,1.4e+06,
HgII,327.7846,0.0004,327.78451,0.00010,0.0001,10000,,1.8e+07,
HgII,327.8104,0.0004,327.81030,0.00010,0.0001,100,h,4.8e+06,
HgIII,328.302,0.010,,,,5,,,
HgII,328.4712,0.0004,328.47019,0.00010,0.0010,10,,1.0e+06,
HgII,328.9366,0.0004,328.93623,0.00010,0.0004,300,h,1.3e+04,
HgI,330.4873,0.0011,330.48811,0.00021,-0.0008,,,2P
HgIII,331.228,0.010,,,,12,,,
HgII,331.7279,0.0004,331.72809,0.00010,-0.0002,700,,5.5e+06,
HgII,333.0001,0.0004,333.00002,0.00010,0.0001,150,c,3.5e+04,
HgII,333.5226,0.0004,,,,300,,,
HgII,333.8424,0.0004,333.84240,0.00010,0.0000,2000,c,2.4e+06,
HgII,333.8709,0.0004,,,,30,,,
HgII,333.8964,0.0004,333.89639,0.00010,0.0000,50,,2.6e+04,
HgI,334.14840,0.00010,334.14834,0.00008,0.00006,700,,1.68e+07,B+
HgII,334.8487,0.0004,,,,80,,,
HgII,336.2671,0.0004,336.26705,0.00010,0.0001,10,,5.5e+05,
HgI,336.271,0.003,336.271,0.003,0.000,,,,
HgI,336.815,0.003,336.815,0.003,0.000,,,,
HgI,337.173,0.003,337.173,0.003,0.000,,,,
HgII,337.3333,0.0004,,,,500,,,
HgI,337.493,0.003,337.493,0.003,0.000,,,,
HgI,337.944,0.003,337.9427,0.0023,0.001,,,,
HgI,338.330,0.003,338.3293,0.0023,0.001,,,,
HgII,338.5103,0.0004,338.51067,0.00010,-0.0004,2000,c,1.5e+07,
HgI,338.878,0.003,338.8821,0.0023,-0.004,,,,
HgIII,338.901,0.010,,,,8,,,
HgI,339.371,0.003,339.3688,0.0023,0.002,,,,
HgI,340.068,0.003,340.068,0.003,0.000,,,,
HgII,340.1389,0.0004,,,,200,,,
HgI,340.699,0.003,340.6988,0.0023,0.000,,,,
HgI,341.598,0.003,341.5976,0.0023,0.000,,,,
HgI,342.426,0.003,342.4307,0.0023,-0.005,,,,
HgII,342.4789,0.0004,,,,400,,,
HgII,342.7310,0.0004,,,,100,,,
HgII,342.9584,0.0004,342.95843,0.00010,0.0000,1000,c,3.5e+03,
HgI,343.615,0.003,343.615,0.004,0.000,,,,
HgII,343.6917,0.0004,343.69129,0.00010,0.0004,400,c,1.1e+06,
HgI,344.664,0.003,344.6656,0.0024,-0.002,,,,
HgI,344.727,0.003,344.7262,0.0020,0.001,,,,
HgIII,345.077,0.010,,,,5,,,
HgII,345.1689,0.0004,345.16871,0.00010,0.0002,30000,,1.8e+07,
HgII,345.9164,0.0012,345.91703,0.00010,-0.0006,350,G,1.5e+05,
HgI,346.352,0.003,346.3505,0.0024,0.001,,,,
HgI,347.716,0.013,347.729,0.006,-0.013,0,,,E2
HgI,347.804,0.003,347.8035,0.0023,0.000,,,,
HgI,347.891,0.003,347.8899,0.0023,0.001,,,,
HgII,348.4872,0.0004,348.48719,0.00010,0.0000,400,s,6.0e+06,
HgII,348.8399,0.0004,,,,150,,,
HgII,349.3859,0.0004,349.38598,0.00010,-0.0001,8000,h,2.7e+07,
HgIII,350.035,0.010,,,,3,,,
HgI,350.200,0.003,350.1991,0.0025,0.001,,,,
HgII,350.9758,0.0004,350.97560,0.00010,0.0002,100,h,4.2e+04,
HgII,351.0625,0.0004,351.06214,0.00010,0.0004,800,h,4.8e+06,
HgII,351.5164,0.0004,351.51596,0.00010,0.0004,200,h,5.6e+05,
HgII,351.5164,0.0004,351.51600,0.00010,0.0004,200,h,2.0e+04,
HgI,352.170,0.013,352.180,0.005,-0.010,0,,,E2
HgI,352.302,0.003,352.3009,0.0021,0.001,,,,
HgI,352.427,0.003,352.4213,0.0021,0.006,,,,
HgII,353.2594,0.0004,353.2599,0.0010,-0.0005,100000,,3.0e+07,
HgIII,353.888,0.010,,,,4,,,
HgII,354.1352,0.0004,354.13494,0.00010,0.0003,100,h,3.0e+04,
HgI,354.346,0.004,354.3352,0.0020,0.011,60,,,
HgII,354.9411,0.0004,354.94074,0.00010,0.0004,30000,,1.5e+07,
HgIII,355.724,0.010,,,,5,,,
HgI,355.873,0.003,355.8730,0.0023,0.000,,,,
HgII,356.2385,0.0004,,,,100,,,
HgI,358.885,0.013,358.883,0.005,0.002,0,,,E2
HgI,359.101,0.003,359.0992,0.0018,0.002,,,,
HgI,359.148,0.020,359.153,0.003,-0.005,1,,,
HgI,359.274,0.003,359.2748,0.0019,-0.001,,,,
HgII,360.2931,0.0004,360.29286,0.00010,0.0002,600,c,9.8e+05,
HgII,360.3908,0.0004,360.3903,0.0010,0.0005,1500,,2.0e+06,
HgII,360.4085,0.0004,360.40843,0.00010,0.0001,45000,c,1.4e+07,
HgII,360.5762,0.0002,360.57616,0.00010,0.00004,100000,,3.0e+07,
HgII,360.6885,0.0004,360.68855,0.00010,-0.0001,8000,,5.7e+06,
HgII,361.4875,0.0004,361.48760,0.00010,-0.0001,450,,8.5e+05,
HgII,363.2363,0.0004,363.23594,0.00010,0.0004,8000,,3.5e+06,
HgII,364.3293,0.0004,364.32960,0.00010,-0.0003,100,h,1.2e+04,
HgII,364.3293,0.0004,364.33005,0.00010,-0.0008,100,h,3.4e+05,
HgI,365.01580,0.00010,365.01579,0.00009,0.00001,9000,,1.29e+08,B+
HgI,365.48420,0.00010,365.48429,0.00007,-0.00009,3000,,1.84e+07,B
HgI,366.28870,0.00010,366.28869,0.00008,0.00001,500,,3.6e+06,C
HgI,366.32840,0.00010,366.32831,0.00007,0.00009,2000,,,
HgI,368.0211,0.0014,368.02427,0.00012,-0.0032,,,E2
HgI,369.779,0.013,369.754,0.005,0.025,0,,,E2
HgI,370.1442,0.0020,370.1448,0.0016,-0.0006,50,,,
HgI,370.236,0.010,370.2338,0.0007,0.002,1,,,
HgI,370.41655,0.00010,370.41655,0.00010,0.00000,9,,,
HgII,375.1759,0.0004,,,,100,h,,
HgII,377.6141,0.0003,377.61416,0.00010,-0.0001,6000,h,2.6e+07,
HgII,377.7755,0.0003,377.7757,0.0010,-0.0002,900,,2.7e+06,
HgII,378.9727,0.0004,378.9732,0.0010,-0.0005,5,,7.5e+05,
HgI,379.000,0.004,379.001,0.003,-0.001,80,,,
HgII,379.7326,0.0003,379.73228,0.00010,0.0003,6000,c,7.6e+05,
HgI,380.16583,0.00010,380.16582,0.00010,0.00001,50,,,
HgIII,380.351,0.010,,,,15,,,
HgII,380.6312,0.0003,380.63154,0.00010,-0.0003,50000,,3.2e+07,
HgI,381.58,0.02,381.5815,0.0003,-0.001,1,,,
HgI,382.040,0.004,382.037,0.003,0.003,50,,,
HgII,382.8909,0.0004,382.89121,0.00010,-0.0003,1000,,1.5e+06,
HgII,383.9259,0.0004,383.9255,0.0010,0.0004,10000,,4.7e+06,
HgI,386.085,0.004,386.0963,0.0024,-0.011,30,,,
HgII,388.3183,0.0004,,,,200,,,
HgI,389.386,0.013,389.363,0.005,0.023,1,,,E2
HgI,390.1868,0.0008,390.1870,0.0005,-0.0002,30,,,
HgI,390.3638,0.0020,390.3636,0.0003,0.0002,0.5,,,
HgI,390.6371,0.0008,390.6383,0.0003,-0.0012,40,,,
HgII,390.9320,0.0004,,,,400,,,
HgII,391.3367,0.0004,,,,75,,,
HgII,391.4313,0.0004,391.43142,0.00010,-0.0001,5000,,3.7e+06,
HgII,391.9264,0.0004,391.9257,0.0010,0.0007,500,D,1.1e+07,
HgII,394.0369,0.0016,394.0361,0.0010,0.0008,15,G,1.9e+06,
HgII,394.5673,0.0004,,,,30,,,
HgII,394.6281,0.0004,,,,75,,,
HgII,395.6319,0.0004,,,,60,,,
HgII,397.4402,0.0004,,,,500,,,
HgI,398.392,0.005,398.396,0.003,-0.004,2,,,
HgII,398.39312,0.00003,398.39312,0.00010,0.00000,10000000,c,3.2e+06,
HgI,402.595,0.008,402.601,0.003,-0.006,4,,,
HgII,402.6201,0.0016,,,15,G,,
HgII,404.0457,0.0010,404.04621,0.00010,-0.0005,4000,c,9.0e+06,
HgII,404.0576,0.0003,,,,500,,,
HgI,404.65650,0.00010,404.65643,0.00008,0.00007,12000,,2.07e+07,B
HgII,404.7740,0.0004,404.7742,0.0010,-0.0002,50,,3.0e+05,
HgI,407.78370,0.00010,407.78370,0.00008,0.00000,1000,,4.0e+06,B
HgI,410.8054,0.0008,410.8054,0.0007,0.0000,70,,2.2e+06,D
HgII,412.0440,0.0004,412.04469,0.00010,-0.0007,4000,,1.2e+07,
HgIII,412.207,0.010,,,,70,,,
HgI,414.00,0.02,414.0059,0.0003,-0.006,0,,,
HgIII,414.034,0.010,,,,10,,,
HgIII,421.674,0.010,,,,100,,,
HgII,427.6224,0.0003,,,,100,,,
HgII,427.7995,0.0003,427.7987,0.0010,0.0008,100,w,8.0e+06,
HgI,431.405,0.013,431.4186,0.0009,-0.014,1,,,E2
HgII,433.7097,0.0004,433.70877,0.00010,0.0009,100,c,4.0e+04,
HgII,433.7097,0.0004,433.70941,0.00010,0.0003,100,c,1.1e+06,
HgI,433.92232,0.00010,433.92228,0.00009,0.00004,50,,2.9e+06,C+
HgI,434.3634,0.0020,434.3632,0.0004,0.0002,1.3,,,
HgI,434.74945,0.00010,434.74951,0.00009,-0.00006,150,,8.4e+06,B
HgI,435.83350,0.00010,435.83363,0.00008,-0.00013,12000,,5.6e+07,B
HgII,438.2549,0.0004,438.25526,0.00010,-0.0004,300,u,8.5e+04,
HgII,439.8617,0.0003,439.8623,0.0010,-0.0006,40000,,9.0e+06,
HgII,440.4854,0.0006,440.4854,0.0006,0.0000,2,h,4.5e+06,
HgII,442.5220,0.0004,442.52225,0.00010,-0.0003,3300,h,1.3e+06,
HgII,445.4395,0.0003,445.4390,0.0010,0.0005,200,h,6.5e+06,
HgII,445.5486,0.0003,445.5486,0.0003,0.0000,70,h,2.1e+06,
HgII,445.9053,0.0003,,,,150,h,,
HgII,446.3878,0.0004,446.3878,0.0010,0.0000,700,c,8.0e+04,
HgIII,447.058,0.010,,,,15,,,
HgII,449.1552,0.0003,,,,2000,,,
HgII,449.2831,0.0003,449.28309,0.00010,0.0000,2800,,7.5e+05,
HgIII,455.284,0.010,,,,12,,,
HgII,465.7320,0.0003,465.73159,0.00010,0.0004,60,h,,
HgII,466.0219,0.0004,466.02156,0.00010,0.0003,30000,,1.0e+07,
HgI,467.0831,0.0011,467.0831,0.0011,0.0000,,,,
HgI,467.1717,0.0011,467.1717,0.0011,0.0000,,,,
HgI,467.2918,0.0011,467.2920,0.0022,-0.0002,,,,
HgI,467.2918,0.0011,467.2920,0.0013,-0.0002,,,,
HgI,468.3819,0.0011,468.3821,0.0011,-0.0002,,,,
HgI,468.4926,0.0011,468.4925,0.0011,0.0001,,,,
HgI,468.6386,0.0011,468.6386,0.0013,0.0000,,,,
HgI,468.6386,0.0011,468.6386,0.0020,0.0000,,,,
HgII,468.6563,0.0003,468.6561,0.0010,0.0002,60,s,7.7e+03,
HgI,469.9797,0.0011,469.9796,0.0011,0.0001,,,,
HgI,470.1171,0.0011,470.1171,0.0011,0.0000,,,,
HgI,470.3011,0.0011,470.3011,0.0011,0.0000,,,,
HgI,470.3051,0.0011,470.3051,0.0011,0.0000,,,,
HgII,470.4625,0.0003,470.4625,0.0003,0.0000,300,l,6.7e+06,
HgI,471.9742,0.0011,471.9744,0.0011,-0.0002,,,,
HgI,472.1512,0.0011,472.1511,0.0011,0.0001,,,,
HgI,472.3814,0.0011,472.3814,0.0011,0.0000,,,,
HgI,472.3919,0.0011,472.3917,0.0011,0.0002,,,,
HgII,474.2297,0.0003,474.2296,0.0010,0.0001,300,,,
HgI,474.5148,0.0011,474.5146,0.0011,0.0002,,,,
HgI,474.7458,0.0011,474.7458,0.0011,0.0000,,,,
HgI,475.0393,0.0011,475.0393,0.0011,0.0000,,,,
HgI,475.0560,0.0011,475.0560,0.0011,0.0000,,,,
HgII,476.2266,0.0003,476.2271,0.0010,-0.0005,100,h,2.8e+06,
HgI,477.8118,0.0011,477.8117,0.0011,0.0001,,,,
HgI,478.1274,0.0011,478.1273,0.0011,0.0001,,,,
HgI,478.5153,0.0011,478.5155,0.0011,-0.0002,,,,
HgI,478.5354,0.0011,478.5354,0.0011,0.0000,,,,
HgIII,479.701,0.010,,,,50,,,
HgI,482.2204,0.0012,482.2206,0.0012,-0.0002,,,,
HgII,482.5566,0.0003,482.5564,0.0010,0.0002,17000,,,
HgI,482.6594,0.0012,482.6594,0.0012,0.0000,,,,
HgII,482.7732,0.0003,482.77261,0.00010,0.0006,30,w,4.8e+03,
HgI,483.1878,0.0012,483.1878,0.0012,0.0000,,,,
HgI,483.2238,0.0012,483.2238,0.0012,0.0000,,,,
HgII,485.5584,0.0004,485.5586,0.0010,-0.0002,16000,h,2.2e+06,
HgIII,486.985,0.010,,,,10,,,
HgII,488.0327,0.0005,,,,4500,c,,
HgI,488.2999,0.0005,488.3001,0.0003,-0.0002,6,,,
HgI,488.9489,0.0012,488.9489,0.0012,0.0000,,,,
HgI,489.6914,0.0012,489.6909,0.0012,0.0005,,,,
HgI,489.7482,0.0012,489.7482,0.0012,0.0000,,,,
HgI,491.6068,0.0010,491.6045,0.0005,0.0023,20,,5.8e+06,D+
HgII,491.6328,0.0003,,,,100,w,,
HgI,496.010,0.010,496.017,0.004,-0.007,100,,,
HgII,496.1873,0.0003,496.1888,0.0010,-0.0015,18000,c,2.1e+05,
HgI,497.0370,0.0005,497.0374,0.0003,-0.0004,6,,,
HgIII,497.357,0.010,,,,80,,,
HgII,498.0564,0.0004,498.0567,0.0010,-0.0003,9500,l,,
HgI,498.0640,0.0005,498.0639,0.0005,0.0001,6,,,
HgI,499.1601,0.0012,499.1604,0.0012,-0.0003,,,,
HgI,499.2593,0.0012,499.2596,0.0012,-0.0003,,,,
HgII,501.7279,0.0003,,,,100,,,
HgI,502.56,0.02,502.56307,0.00020,-0.003,3,,2.67e+04,B
HgII,502.5607,0.0003,,,,100,,,
HgI,504.58,0.02,504.569,0.004,0.011,2,,,
HgII,506.6493,0.0005,506.6497,0.0010,-0.0004,1200,,,
HgII,509.8559,0.0003,509.8561,0.0010,-0.0002,60,,,
HgII,510.0946,0.0003,510.0945,0.0010,0.0001,100,,,
HgI,510.2705,0.0005,510.2704,0.0003,0.0001,30,,,
HgI,512.0637,0.0005,512.0637,0.0005,0.0000,70,,,
HgII,512.8442,0.0003,512.84538,0.00010,-0.0012,120000,c,2.5e+07,
HgI,513.7940,0.0005,513.7942,0.0005,-0.0002,30,,,
HgI,513.9926,0.0013,513.9928,0.0013,-0.0002,,,,
HgII,514.6289,0.0003,514.6293,0.0010,-0.0004,15000,,,
HgII,516.2357,0.0008,516.2367,0.0010,-0.0010,25000,c,1.7e+05,
HgII,519.6190,0.0008,519.61884,0.00010,0.0002,18000,c,4.2e+06,
HgII,520.4768,0.0003,520.4768,0.0004,0.0000,150000,,,
HgII,520.5868,0.0003,520.5864,0.0010,0.0004,80,h,,
HgIII,521.082,0.010,,,,30,,,
HgII,521.6382,0.0003,521.6379,0.0010,0.0003,40000,,,
HgI,521.89,0.02,521.9440,0.0014,-0.054,2,,,
HgII,522.2922,0.0003,522.2922,0.0004,0.0000,500,h,1.3e+07,
HgII,524.2173,0.0003,524.2172,0.0010,0.0001,35,w,9.0e+04,
HgII,527.7591,0.0003,527.7593,0.0010,-0.0002,18000,,,
HgII,528.0146,0.0003,528.0148,0.0010,-0.0002,600,h,,
HgI,529.0740,0.0005,529.0738,0.0004,0.0002,30,,,
HgII,529.3248,0.0003,,,,200,,,
HgII,529.4177,0.0003,529.4177,0.0004,0.0000,400,h,9.2e+06,
HgII,531.6067,0.0006,531.6069,0.0010,-0.0002,75,c,1.5e+04,
HgI,531.6776,0.0005,531.6776,0.0003,0.0000,6,,,
HgI,535.4034,0.0014,535.4036,0.0014,-0.0002,130,,,
HgI,536.550,0.010,536.538,0.006,0.012,12,,,
HgII,537.2373,0.0003,537.2374,0.0010,-0.0001,40,,,
HgI,538.4626,0.0005,538.4627,0.0005,-0.0001,50,,,
HgI,538.8810,0.0005,538.8810,0.0005,0.0000,,,,
HgI,539.3468,0.0005,539.3465,0.0004,0.0003,,,,
HgI,540.480,0.010,540.483,0.006,-0.003,3,,,
HgII,542.5253,0.0003,542.5249,0.0010,0.0004,8000000,,1.4e+08,
HgI,546.07500,0.00010,546.07498,0.00009,0.00002,6000,,4.9e+07,B
HgII,546.5286,0.0003,,,,250,,,
HgI,554.9634,0.0005,554.9636,0.0004,-0.0002,50,,,
HgII,559.5268,0.0005,559.5260,0.0010,0.0008,200000,,8.8e+06,
HgI,567.581,0.008,567.588,0.004,-0.007,600,,,
HgII,567.7105,0.0003,567.7102,0.0010,0.0003,20000000,E,1.8e+08,
HgIII,569.571,0.010,,,,6,,,
HgII,569.8590,0.0003,569.8593,0.0010,-0.0003,1500,c,4.6e+06,
HgI,576.96100,0.00010,576.96095,0.00010,0.00005,1000,,2.36e+07,B
HgI,578.969,0.005,578.96805,0.00023,0.001,30,,6.e+05,D
HgI,579.06700,0.00010,579.06705,0.00010,-0.00005,900,,3.1e+07,D
HgI,580.3782,0.0005,580.3783,0.0004,-0.0001,400,,,
HgI,581.830,0.010,581.832,0.007,-0.002,2,,,
HgII,585.1758,0.0004,585.1766,0.0010,-0.0008,1300,c,8.0e+06,
HgI,585.9254,0.0005,585.9254,0.0005,0.0000,130,,,
HgII,587.0899,0.0003,,,,80,p,,
HgII,587.1279,0.0003,587.12779,0.00010,0.0001,1200000,,1.0e+08,
HgII,587.1572,0.0003,,,,50,u,,
HgII,587.1921,0.0003,,,,600,h,,
HgI,587.1975,0.0005,587.1975,0.0005,0.0000,30,,,
HgII,588.8939,0.0003,588.8947,0.0010,-0.0008,2000000,c,3.8e+07,
HgI,589.020,0.010,589.017,0.007,0.003,12,,,
HgII,591.8496,0.0003,591.8496,0.0010,0.0000,10,w,3.3e+06,
HgII,594.7680,0.0003,594.7682,0.0010,-0.0002,150,,4.5e+06,
HgII,596.1509,0.0006,596.1520,0.0010,-0.0011,1500,c,1.8e+06,
HgII,597.8916,0.0003,,,,180,h,,
HgII,603.2653,0.0003,,,,60,h,,
HgII,604.1045,0.0003,604.1047,0.0010,-0.0002,180,h,4.5e+06,
HgI,607.264,0.010,607.266,0.006,-0.002,30,,6.e+04,E
HgII,608.9794,0.0004,608.9800,0.0010,-0.0006,8000,c,2.7e+06,
HgII,610.0096,0.0003,,,,100,,,
HgII,610.0332,0.0004,610.0342,0.0010,-0.0010,5000,c,1.8e+07,
HgI,612.327,0.005,612.325,0.005,0.002,3,,,
HgII,614.1773,0.0003,,,,150,,,
HgII,614.6435,0.0003,,,,1500000,,,
HgII,614.6845,0.0003,,,,350,w,,
HgII,614.94750,0.00010,614.94726,0.00010,0.00024,25000000,c,6.2e+07,
HgII,615.2002,0.0003,,,,120,,,
HgII,615.7138,0.0003,,,,120,,,
HgII,615.8303,0.0003,,,,1000,,,
HgII,619.4289,0.0003,,,,70,h,,
HgII,619.6409,0.0003,619.6421,0.0010,-0.0012,250,c,3.0e+06,
HgIII,622.035,0.010,,,,25,,,
HgI,623.436,0.010,623.435,0.005,0.001,50,,3.0e+05,D
HgII,624.2222,0.0003,,,,65000,,,
HgII,629.1228,0.0003,629.1230,0.0010,-0.0002,65000,,2.6e+07,
HgII,636.0199,0.0003,636.0199,0.0010,0.0000,150,h,4.8e+06,
HgII,639.4890,0.0003,639.4888,0.0010,0.0002,55000,,1.8e+07,
HgIII,641.898,0.010,,,,35,,,
HgII,644.0547,0.0003,644.0548,0.0010,-0.0001,30,h,1.8e+05,
HgIII,650.138,0.010,,,,40,,,
HgII,652.1092,0.0003,652.1095,0.0010,-0.0003,150000,c,1.6e+07,
HgIII,658.426,0.010,,,,10,,,
HgIII,661.012,0.010,,,,6,,,
HgII,664.66840,0.00010,664.66839,0.00010,0.00001,1300,,,UT
HgI,670.16,0.03,670.210,0.013,-0.05,2,,,
HgII,670.2030,0.0003,670.2032,0.0010,-0.0002,170,h,5.3e+06,
HgIII,670.929,0.010,,,,30,,,
HgI,671.634,0.010,671.636,0.007,-0.002,600,,2.4e+05,D
HgI,672.11,0.03,,,,5,,,
HgI,672.52,0.03,672.478,0.014,0.04,1,,,
HgI,674.10,0.03,674.160,0.014,-0.06,0,,,
HgI,674.71,0.03,,,,2,,,
HgI,675.09,0.03,675.139,0.018,-0.05,2,,,
HgI,677.32,0.03,677.257,0.014,0.06,1,,,
HgI,678.46,0.03,678.516,0.014,-0.06,4,,,
HgI,681.16,0.03,681.128,0.014,0.03,2,,,
HgI,682.70,0.03,682.715,0.019,-0.01,5,,,
HgI,685.29,0.03,,,,0,,,
HgI,686.10,0.03,686.046,0.014,0.05,3,,,
HgI,687.07,0.03,,,,4,,,
HgI,688.04,0.03,688.081,0.014,-0.04,4,,,
HgI,688.8564,0.0005,688.8563,0.0003,0.0001,,,,
HgI,690.746,0.011,690.746,0.004,0.000,1000,,1.6e+06,D
HgI,691.56,0.03,,,,5,,,
HgI,692.43,0.03,692.413,0.010,0.02,3,,,
HgI,693.40,0.03,,,,1,,,
HgI,694.41,0.03,,,,4,,,
HgII,694.5474,0.0003,694.5474,0.0010,0.0000,120,h,2.2e+06,
HgI,695.07,0.03,695.085,0.015,-0.01,5,,,
HgI,697.72,0.03,,,,,,,
HgI,700.92,0.03,700.908,0.010,0.01,4,,,
HgI,702.20,0.10,702.22,0.03,-0.02,0,,,
HgI,704.57,0.03,704.554,0.015,0.02,8,,,
HgI,708.1901,0.0005,708.1901,0.0005,0.0000,1000,,,
HgI,709.1860,0.0005,709.1860,0.0005,0.0000,800,,,
HgI,710.13,0.03,,,,2,,,
HgI,712.00,0.03,,,,2,,,
HgI,712.56,0.03,712.521,0.020,0.04,6,,,
HgI,712.56,0.03,712.53,0.03,0.03,6,,,
HgI,712.56,0.03,712.614,0.010,-0.05,6,,,
HgI,713.50,0.03,713.486,0.015,0.01,4,,,
HgI,714.76,0.03,714.804,0.015,-0.04,2,d,,
HgI,715.42,0.03,,,,0,d,,
HgI,716.22,0.03,716.227,0.021,-0.01,5,,,
HgI,716.90,0.03,,,,2,,,
HgI,717.06,0.06,717.053,0.015,0.01,0,,,
HgI,717.60,0.04,717.52,0.03,0.08,3,d,,E2
HgI,717.60,0.04,717.55,0.03,0.05,3,d,,E2
HgI,717.60,0.04,717.57,0.03,0.03,3,d,,E2
HgI,717.78,0.03,717.777,0.015,0.00,10,,,
HgI,719.09,0.03,719.118,0.016,-0.03,3,,,
HgI,719.35,0.03,719.354,0.016,0.00,4,,,
HgI,720.91,0.03,720.92,0.03,-0.01,6,,,
HgI,720.91,0.03,720.959,0.016,-0.05,6,,,
HgI,722.24,0.03,,,,0,d,,
HgI,722.75,0.03,,,,0,d,,
HgI,723.94,0.03,,,,3,,,
HgI,724.57,0.03,724.601,0.016,-0.03,3,,,
HgI,726.91,0.03,726.91,0.03,0.00,5,,,
HgI,726.91,0.03,726.951,0.016,-0.04,5,,,
HgI,727.07,0.03,727.071,0.021,0.00,5,,,
HgI,727.84,0.03,,,,,,,
HgI,729.49,0.03,729.490,0.010,0.00,7,,,
HgI,730.17,0.04,,,,4,,,
HgI,730.36,0.03,730.368,0.011,-0.01,,,,
HgI,731.71,0.03,731.708,0.011,0.00,4,,,
HgI,733.30,0.03,733.306,0.011,-0.01,3,,,
HgI,734.1,0.2,734.260,0.011,-0.16,1,d,,
HgII,734.6508,0.0003,734.6502,0.0010,0.0006,600000,E,5.3e+07,
HgI,734.81,0.03,734.789,0.022,0.02,8,,,
HgI,734.86,0.06,734.832,0.022,0.03,0,d,,
HgI,736.73,0.05,736.702,0.022,0.03,1,d,,E2
HgI,736.73,0.05,736.740,0.022,-0.01,1,d,,E2
HgI,736.73,0.05,736.784,0.016,-0.05,1,d,,E2
HgI,737.15,0.03,737.137,0.016,0.01,10,,,
HgI,737.45,0.03,737.433,0.016,0.02,4,,,
HgI,738.75,0.03,,,,1,d,,
HgI,739.38,0.03,,,,1,d,,
HgII,739.5622,0.0003,,,,1200,h,,
HgI,740.33,0.03,,,,1,d,,
HgII,741.1852,0.0003,741.1852,0.0010,0.0000,600,w,1.1e+07,
HgI,741.22,0.03,741.201,0.011,0.02,4,,,
HgII,741.7864,0.0004,741.7873,0.0010,-0.0009,18000,c,1.2e+07,
HgI,745.39,0.03,745.385,0.011,0.01,8,,,
HgI,745.39,0.03,745.418,0.017,-0.03,8,,,
HgI,745.67,0.03,745.668,0.010,0.00,3,,,
HgI,746.13,0.03,746.129,0.011,0.00,2,,,
HgI,747.29,0.03,,,,1,d,,
HgII,748.6298,0.0003,748.6294,0.0010,0.0004,6500,w,8.5e+06,
HgI,749.45,0.03,,,,1,d,,
HgI,750.04,0.03,,,,1,d,,
HgIII,751.746,0.010,,,,12,,,
HgI,752.01,0.03,751.988,0.017,0.02,9,,,
HgI,753.16,0.03,,,,1,d,,
HgI,753.39,0.03,,,,0,,,
HgI,754.29,0.03,754.304,0.011,-0.01,4,,,
HgI,755.21,0.03,755.219,0.005,-0.01,7,,,
HgI,756.08,0.03,,,,1,d,,
HgII,756.4534,0.0003,756.4535,0.0010,-0.0001,12000,h,1.1e+07,
HgI,757.12,0.03,,,,1,d,,
HgI,758.09,0.03,,,,1,d,,
HgI,760.21,0.03,760.217,0.011,-0.01,7,,,
HgI,760.21,0.03,760.293,0.017,-0.08,7,,,
HgI,760.59,0.03,760.630,0.011,-0.04,4,,,
HgI,761.27,0.03,,,,1,d,,
HgI,761.55,0.03,,,,0,,,
HgI,761.88,0.03,,,,1,d,,
HgII,762.0763,0.0003,762.0758,0.0010,0.0005,60000,h,4.0e+07,
HgI,762.08,0.03,,,,0,,,
HgI,763.17,0.03,,,,1,d,,
HgI,763.52,0.03,,,,0,,,
HgI,764.64,0.03,764.650,0.011,-0.01,3,,,
HgI,765.37,0.03,,,,1,d,,
HgI,766.69,0.04,766.703,0.018,-0.01,4,,,E2
HgI,767.40,0.03,767.418,0.005,-0.02,5,,,
HgI,767.73,0.03,767.733,0.009,0.00,3,,,
HgI,768.52,0.03,768.537,0.009,-0.02,1,,,
HgI,769.30,0.03,,,,1,d,,
HgI,770.41,0.03,,,,1,d,,
HgI,770.66,0.03,,,,1,d,,
HgI,771.87,0.03,,,,2,,,
HgI,772.02,0.03,,,,1,,,
HgI,772.8825,0.0005,772.8825,0.0004,0.0000,30,,6.e+05,D
HgI,773.26,0.03,773.239,0.011,0.02,5,,,
HgI,773.47,0.05,773.390,0.004,0.08,0,,,
HgII,777.1951,0.0004,,,,2000,w,,
HgI,779.52,0.03,,,,1,,,
HgIII,780.810,0.010,,,,7,,,
HgI,781.39,0.05,781.389,0.024,0.00,1,,,E2
HgI,782.07,0.03,782.037,0.010,0.03,8,,,
HgI,782.22,0.06,782.178,0.004,0.04,1,,,
HgI,782.60,0.03,782.631,0.010,-0.03,4,,,
HgII,788.1034,0.0002,788.1035,0.0010,-0.0001,110,h,9.5e+06,
HgI,789.91,0.06,789.738,0.019,0.17,00,,,
HgI,792.98,0.03,792.967,0.005,0.01,3,,,
HgI,793.69,0.03,793.703,0.019,-0.01,1,,,
HgII,794.4555,0.0002,794.4554,0.0010,0.0001,25000000,,4.3e+07,
HgIII,794.675,0.010,,,,25,,,
HgI,795.12,0.03,795.12,0.03,0.00,0,d,,
HgI,796.86,0.03,796.86,0.04,0.00,0,,,
HgI,796.86,0.03,796.885,0.019,-0.03,0,,,
HgI,797.33,0.03,797.3042,0.0007,0.03,1,,,
HgI,797.91,0.03,797.882,0.006,0.03,7,,,
HgIII,798.451,0.010,,,,50,,,
HgI,799.10,0.03,799.10,0.03,0.00,0,,,
HgI,799.86,0.03,799.859,0.012,0.00,0,,,
HgI,800.71,0.03,,,,1,,,
HgI,801.33,0.03,801.32,0.03,0.01,0,,,
HgI,801.79,0.03,801.79,0.03,0.00,1,,,
HgI,802.23,0.03,802.207,0.005,0.02,6,,,
HgI,803.19,0.03,803.18,0.05,0.01,0,d,,
HgI,803.19,0.03,803.18,0.05,0.01,0,d,,
HgI,805.00,0.03,805.00,0.03,0.00,1,,,
HgI,805.41,0.03,805.379,0.019,0.03,2,,,
HgI,805.82,0.04,805.806,0.019,0.01,1,,,E2
HgI,805.84,0.03,805.84,0.03,0.00,1,,,
HgI,807.07,0.04,807.048,0.013,0.02,5,,,
HgI,807.81,0.03,,,,0,d,,
HgI,808.04,0.03,808.04,0.03,0.00,0,,,
HgI,809.04,0.03,809.04,0.04,0.00,1,d,,
HgI,809.04,0.03,809.092,0.013,-0.05,1,d,,
HgI,811.31,0.03,811.300,0.020,0.01,4,,,
HgI,811.31,0.03,811.311,0.013,0.00,4,,,
HgI,812.92,0.03,812.93,0.03,-0.01,1,d,,
HgI,813.63,0.03,813.63,0.03,0.00,2,d,,
HgI,814.54,0.04,814.497,0.013,0.04,2,,,
HgIII,815.164,0.010,,,,5,,,
HgI,815.31,0.03,815.297,0.020,0.01,3,,,E2
HgI,815.36,0.04,815.350,0.020,0.01,4,,,E2
HgI,816.34,0.03,816.342,0.010,0.00,10,,,
HgI,816.64,0.03,816.622,0.013,0.02,8,,,
HgI,817.28,0.03,817.251,0.010,0.03,9,,,
HgI,817.28,0.03,817.314,0.013,-0.03,9,,,
HgI,817.72,0.03,817.72,0.03,0.00,0,,,
HgI,818.14,0.04,818.088,0.020,0.05,0,,,E2
HgI,818.14,0.04,818.175,0.013,-0.03,0,,,E2
HgI,818.92,0.03,818.889,0.020,0.03,3,,,
HgI,819.560,0.011,819.546,0.005,0.014,10,,,
HgI,819.560,0.011,819.56,0.05,0.00,10,,,
HgI,819.74,0.06,819.74,0.06,0.00,2,,,
HgI,820.06,0.03,820.050,0.008,0.01,8,,,
HgI,820.53,0.03,820.487,0.004,0.04,2,,,
HgI,821.42,0.03,,,,3,,,
HgI,822.70,0.03,,,,0,,,
HgI,823.18,0.06,823.246,0.020,-0.07,0,,,
HgI,823.84,0.03,823.83,0.03,0.01,4,,,
HgI,825.07,0.03,825.071,0.014,0.00,4,,,
HgI,826.22,0.03,826.22,0.03,0.00,4,,,
HgI,827.25,0.03,827.26,0.03,-0.01,5,,,
HgI,827.50,0.03,827.51,0.03,-0.01,4,,,
HgI,828.86,0.03,828.829,0.021,0.03,5,,,
HgI,830.37,0.04,830.361,0.014,0.01,1,,,
HgI,831.64,0.03,831.64,0.03,0.00,5,,,
HgI,834.05,0.03,834.05,0.03,0.00,5,,,
HgI,835.37,0.03,835.301,0.014,0.07,4,,,
HgI,837.40,0.03,837.41,0.03,-0.01,5,,,
HgI,837.64,0.03,837.64,0.03,0.00,4,,,
HgI,840.16,0.03,840.134,0.006,0.03,5,,,
HgII,840.6119,0.0003,840.6120,0.0010,-0.0001,100,c,9.8e+06,
HgI,841.86,0.03,841.86,0.03,0.00,4,,,
HgI,842.34,0.03,842.328,0.021,0.01,5,,,
HgI,844.33,0.03,844.33,0.03,0.00,5,,,
HgI,845.20,0.03,845.205,0.021,0.00,0,,,
HgI,845.20,0.03,845.203,0.004,0.00,0,,,
HgI,846.41,0.03,846.393,0.022,0.02,0,,,
HgI,849.10,0.03,849.093,0.013,0.01,4,,,
HgI,850.56,0.03,850.514,0.006,0.05,6,,,
HgI,851.10,0.03,851.10,0.03,0.00,5,,,
HgI,851.35,0.03,851.35,0.03,0.00,4,,,
HgI,853.89,0.04,853.875,0.015,0.02,3,,,
HgII,854.8664,0.0003,854.8669,0.0010,-0.0005,1000,c,2.0e+07,
HgI,855.73,0.03,855.73,0.03,0.00,5,,,
HgI,858.25,0.04,858.25,0.04,0.00,6,,,
HgI,861.36,0.04,861.297,0.022,0.06,6,,,
HgI,861.87,0.06,861.989,0.014,-0.12,0,,,
HgI,865.27,0.04,865.235,0.004,0.04,10,,3.1e+05,D
HgI,867.96,0.06,868.009,0.014,-0.05,0,,,
HgI,868.67,0.04,868.547,0.014,0.12,6,,,
HgI,870.45,0.04,870.43,0.04,0.02,7,,,
HgI,870.64,0.04,870.64,0.04,0.00,5,,,
HgI,873.76,0.04,873.749,0.023,0.01,0,,,E2
HgI,874.61,0.04,874.676,0.004,-0.07,3,,,
HgI,875.19,0.04,875.20,0.04,-0.01,7,,,
HgI,875.81,0.04,875.750,0.009,0.06,10,,,
HgI,876.30,0.04,876.248,0.004,0.05,10,,,
HgI,877.31,0.04,877.2727,0.0015,0.04,10,,,
HgI,877.84,0.04,877.86,0.04,-0.02,7,,,
HgI,878.37,0.04,878.375,0.004,0.00,10,,,
HgI,879.63,0.04,879.616,0.004,0.01,0,,,
HgI,883.09,0.04,883.084,0.016,0.01,1,,,
HgI,888.75,0.04,888.69,0.03,0.06,4,d,,E2
HgI,888.75,0.04,888.75,0.03,0.00,4,d,,E2
HgI,888.75,0.04,888.810,0.024,-0.06,4,d,,E2
HgI,889.37,0.06,889.324,0.024,0.05,7,d,,
HgI,896.58,0.04,896.571,0.014,0.01,0,,,
HgI,897.36,0.04,897.352,0.014,0.01,8,d,,
HgI,898.89,0.04,898.87,0.04,0.02,8,,,
HgI,899.14,0.04,899.099,0.024,0.04,7,,,
HgI,903.92,0.04,903.92,0.03,0.00,4,d,,
HgI,905.12,0.04,905.112,0.004,0.01,1,,,
HgI,905.76,0.04,905.680,0.004,0.08,1,,,
HgI,906.72,0.04,906.74,0.03,-0.02,1,,1.7e+05,D
HgI,909.50,0.04,909.5617,0.0017,-0.06,0,,,
HgI,915.78,0.04,915.778,0.007,0.00,2,,,
HgI,920.07,0.04,920.074,0.015,0.00,3,,,
HgI,924.31,0.04,924.294,0.004,0.02,10,,,
HgI,925.39,0.04,925.352,0.004,0.04,8,,,
HgI,926.37,0.04,926.346,0.003,0.02,2,,,
HgI,927.91,0.04,927.895,0.003,0.02,2,,,
HgI,929.86,0.04,929.857,0.003,0.00,2,,,
HgI,932.72,0.04,932.72,0.03,0.00,2,,,E2
HgI,933.84,0.04,933.777,0.007,0.06,8,,,
HgI,934.25,0.04,934.244,0.012,0.01,1,,,
HgI,934.62,0.04,934.611,0.017,0.01,0,,,
HgI,935.47,0.04,935.434,0.013,0.04,0,,,
HgI,941.94,0.04,941.952,0.013,-0.01,3,,,
HgI,942.56,0.04,942.589,0.003,-0.03,2,,,
HgI,943.21,0.04,943.162,0.014,0.05,9,,,
HgI,943.85,0.04,943.85,0.04,0.00,7,,,
HgI,944.27,0.04,944.29,0.03,-0.02,5,,,
HgI,948.72,0.06,948.7135,0.0018,0.01,0,,,
HgI,949.59,0.04,949.60,0.03,-0.01,6,,,
HgII,952.0198,0.0004,952.0197,0.0010,0.0001,600000,h,7.2e+07,
HgI,952.63,0.04,952.62,0.03,0.01,7,,,
HgI,954.47,0.04,954.4015,0.0017,0.07,0,,,
HgI,954.73,0.04,954.6706,0.0018,0.06,1,,,
HgI,955.41,0.04,955.357,0.005,0.05,1.5,,,
HgI,957.43,0.04,957.3603,0.0018,0.07,3,,,
HgI,960.20,0.04,960.1783,0.0018,0.02,1,,,
HgI,960.20,0.04,960.19,0.04,0.01,1,,,
HgII,963.9060,0.0004,963.9064,0.0010,-0.0004,180000,c,7.2e+06,
HgII,975.9557,0.0004,975.9553,0.0010,0.0004,20000,w,5.1e+07,
HgI,977.53,0.04,977.524,0.019,0.01,3,,,E2
HgI,979.29,0.04,979.271,0.008,0.02,2,,,
HgI,980.8,0.2,980.82,0.19,0.0,1,,,
HgI,982.18,0.04,982.19,0.03,-0.01,3,,,
HgI,983.23,0.04,983.27,0.03,-0.04,1,,,
HgI,983.81,0.04,983.789,0.003,0.02,10,,1.0e+06,D
HgI,996.93,0.04,996.899,0.003,0.03,10,,1.1e+06,D
HgI,998.09,0.04,998.052,0.003,0.04,10,,,
HgI,999.90,0.04,999.850,0.003,0.05,9,,4.3e+05,D