# units Angstroms
5037.7512 
5330.7775 
5341.0938 
5400.5618 
5562.7662 
5656.6588 
5719.2248 
5748.2985 
5764.4188 
5804.4496 
5820.1558 
5852.4879 
5872.8275 
5881.8952 
5902.4623 
5906.4294 
5944.8342 
5965.4710 
5974.6273 
5975.5340 
5987.9074 
6029.9969 
6074.3377 
6096.1631 
6128.4499 
6143.0626 
6163.5939 
6182.1460 
6217.2812 
6266.4950 
6304.7889 
6328.1646 
6334.4278 
6382.9917 
6402.248  
6506.5281 
6532.8822 
6598.9529 
6652.0927 
6678.2762 
6717.0430 
6929.4673 
7024.0504 
7032.4131 
7051.2923 
7059.1074 
7173.9381 
7245.1666 
7438.898  
7472.4386 
7488.8712 
7535.7741 
7544.0443 
7839.0529 
7927.1177 
7936.9961 
7943.1814 
8082.4580 
8118.5492 
8128.9108 
8136.4054 
8259.3790 
8266.0772 
8300.3258 
8365.7466 
8377.6080 
8418.4274 
8463.3575 
8484.4435 
8495.3598 
8544.6958 
8571.3524 
8591.2584 
8634.6470 
8647.0411 
8654.3831 
8655.5220 
8679.4925 
8681.9211 
8704.1116 
8771.6563 
8780.6226 
8783.7533 
8830.9072 
8853.8668 
8865.3063 
8865.7552 
8919.5006 
8988.5564 
9148.6716 
9201.7591 
9220.0601 
9226.6903 
9275.5196 
9300.8527 
9326.5068 
9373.3078 
9425.3788 
9459.2095 
9486.6818 
9534.1629 
9547.4049 
9665.4197 
