# units Angstroms
6182.42    
6318.06    
6668.920   
6728.008   
6827.315   
6846.613   
6872.107   
6882.155   
6925.53    
6976.182   
7119.598   
7316.272   
7321.452   
7336.480   
7386.003   
7393.793   
7425.541   
7584.682   
7642.024   
7802.651   
7881.320   
7887.393   
7967.342   
8206.336   
8231.6336  
8346.8217  
8409.1894  
8576.01    
8648.54    
8739.372   
8758.20    
8819.4106  
8908.73    
8952.2509  
8981.05    
8987.57    
9045.4466  
9162.6520  
9513.377   
9685.32    
9718.16    
9799.697   
9923.198   
